
--------------------Metadata---------------------
Student:  Kirill Telegin
Group:  3430302/80004

Matrix
[[  5.   7.  -3.   0.   6.   6.   0.   7.  -6.   7.   5.   0.  -1.   4.
   -7.  -1.  -1.  -2.  -2.]
 [  7.  -4.  -2.   5.  -2.  -7.  -3.   0.  -7.  -4.   3.  -6.   0.  -8.
    8.  -4.  -3.   6.   5.]
 [ -3.  -2. -22.   0.   6.   3.   5.  -8.  -1.  -6.  -3.  -1.   5.   1.
   -8.  -5.   0.  -5.   2.]
 [  0.   5.   0. -10.   0.  -7.  -7.  -7.   8.  -8.  -2.   3.  -6.   0.
   -6.  -7.   1.  -1.   2.]
 [  6.  -2.   6.   0.  -4.   5.  -3.   6.   0.   5.   7.  -5.  -1.  -5.
   -7.   6.  -8.  -6.  -2.]
 [  6.  -7.   3.  -7.   5.  29.  -1.   3.   8.   6.   3.   6.   8.  -5.
    0.   2.   7.   5.  -1.]
 [  0.  -3.   5.  -7.  -3.  -1.   7.  -3.   6.  -4.   0.   0.   0.   5.
    2.   0.  -6.  -8.   4.]
 [  7.   0.  -8.  -7.   6.   3.  -3.  12.   4.   1.   1.   3.   3.  -6.
   -4.  -1.  -7.   1.   3.]
 [ -6.  -7.  -1.   8.   0.   8.   6.   4.  -5.   0.  -5.  -6.  -3.   1.
   -7.   0.  -7.  -4.  -2.]
 [  7.  -4.  -6.  -8.   5.   6.  -4.   1.   0.  13.  -4.   8.  -6.   7.
    2.   5.  -1.   2.  -7.]
 [  5.   3.  -3.  -2.   7.   3.   0.   1.  -5.  -4.   1.   0.   1.   8.
   -3.   0.  -1.   8.   1.]
 [  0.  -6.  -1.   3.  -5.   6.   0.   3.  -6.   8.   0.   2.  -8.   8.
   -7.   0.  -8.   3.   6.]
 [ -1.   0.   5.  -6.  -1.   8.   0.   3.  -3.  -6.   1.  -8.  -9.  -7.
    0.  -7.  -6.  -6.  -5.]
 [  4.  -8.   1.   0.  -5.  -5.   5.  -6.   1.   7.   8.   8.  -7.  35.
   -1.  -3.  -1.  -1.   0.]
 [ -7.   8.  -8.  -6.  -7.   0.   2.  -4.  -7.   2.  -3.  -7.   0.  -1.
  -17.   7.   0.   0.   6.]
 [ -1.  -4.  -5.  -7.   6.   2.   0.  -1.   0.   5.   0.   0.  -7.  -3.
    7.   3.   2.  -3.  -2.]
 [ -1.  -3.   0.   1.  -8.   7.  -6.  -7.  -7.  -1.  -1.  -8.  -6.  -1.
    0.   2. -24.  -6.  -3.]
 [ -2.   6.  -5.  -1.  -6.   5.  -8.   1.  -4.   2.   8.   3.  -6.  -1.
    0.  -3.  -6.   2.  -5.]
 [ -2.   5.   2.   2.  -2.  -1.   4.   3.  -2.  -7.   1.   6.  -5.   0.
    6.  -2.  -3.  -5. -12.]]

----------------Single precision------------------
====================================================
Current parameter value
 1.0
Index perfomance
 48411.983561312554
Eigenvalues
 [ 46.56106     44.35614    -42.941704   -36.397423    27.73799
 -28.9022     -25.797136   -23.139685    21.671055    19.683092
 -15.975126   -13.684301    -7.4255376   14.322085    11.277542
   0.04908958   0.54861814   6.1503844    4.906058  ]
Eigenvectors
 [[-0.06202162 -0.24831057 -0.09714337 -0.14275385  0.3089516  -0.03038709
   0.03506023  0.3277373  -0.30340752  0.14620477  0.04131227 -0.08403759
  -0.4076384   0.30238336 -0.208693    0.21344471 -0.15930451 -0.44541606
   0.08350886]
 [ 0.15028138  0.17220256 -0.04164785  0.13854845  0.34110624 -0.17853303
  -0.3219422  -0.45564377 -0.10270611 -0.13554378  0.17072089 -0.22101615
   0.36467487  0.19300729  0.12144281  0.20054196 -0.2751179  -0.24361593
   0.01371232]
 [ 0.01023396  0.04179484 -0.02886702 -0.6393736  -0.22524725  0.2237186
  -0.48124763 -0.06077015 -0.12647116 -0.03799529 -0.2344383  -0.25081408
   0.10755868  0.05266924 -0.1442976  -0.22569633  0.11651407 -0.09629484
   0.09043504]
 [-0.01319441  0.1908928   0.07839063 -0.10417727  0.02809861  0.580087
   0.3498918  -0.18745735 -0.10365181 -0.14152302  0.2206772   0.04608052
   0.09099767 -0.2735445  -0.36648306  0.2130637  -0.19616722 -0.06003826
   0.25502792]
 [ 0.09078977 -0.20082231 -0.29290682  0.15396385  0.05710959 -0.1215181
   0.32310423 -0.05679036 -0.14929435  0.28877994 -0.25735956 -0.24435551
   0.39268693  0.1773107  -0.32387987 -0.23487411  0.01668145  0.21530269
   0.30383027]
 [ 0.15498571 -0.7190718   0.2025038   0.03926687 -0.3621559  -0.00749229
   0.0720514  -0.11537094 -0.05989037 -0.4207842  -0.04766107 -0.04049642
   0.11220246  0.04829881  0.07721066  0.22540095 -0.02747944 -0.07868162
   0.05880185]
 [-0.11585994  0.07524332 -0.05928148  0.10200626 -0.40918726  0.19531286
   0.15364748 -0.23397622 -0.17036223  0.28128934 -0.08883175  0.0448789
  -0.15638505  0.17025529  0.45016906 -0.2605225  -0.43078062 -0.21689796
   0.09179021]
 [ 0.15399449 -0.25969753 -0.00322432 -0.14566459  0.27626294  0.19470611
  -0.02119247 -0.2495107  -0.36117712  0.4261588  -0.13408242  0.04383237
  -0.02284969 -0.324934    0.28430787  0.24421313  0.15609963  0.21000834
  -0.25233415]
 [ 0.00921039 -0.06907514 -0.3350197  -0.10263444 -0.3140351  -0.26088414
  -0.24407431  0.20731412 -0.07683699  0.1445407   0.24578162  0.06867595
   0.08321235 -0.31629667 -0.16843688  0.20048755 -0.52108455  0.2435446
  -0.06959672]
 [-0.22562437 -0.3907795   0.02655751 -0.00538062  0.22040182  0.25339788
  -0.13480441 -0.00882869  0.45977628  0.23374976  0.05222727  0.257811
   0.3084591  -0.0190068  -0.12835902 -0.25082463 -0.19103003 -0.2480605
  -0.23761733]
 [-0.10177986 -0.09510784  0.0318665  -0.16912033  0.20759039  0.00543264
  -0.10772745 -0.01378339 -0.31986457 -0.19212806  0.24765451  0.5657399
   0.0566858   0.31723946  0.1004621  -0.23095815 -0.0365834   0.37700292
   0.2543241 ]
 [-0.24299607 -0.17334932 -0.3044067  -0.07295583  0.09064247 -0.21722983
   0.02918588 -0.1332827   0.02552481 -0.0635068   0.29656455 -0.08474495
  -0.06937238 -0.47335482  0.2220425  -0.21472152  0.2622615  -0.2735969
   0.41371152]
 [ 0.194739   -0.04156808 -0.30037114  0.1804606  -0.15642491  0.30984518
   0.00358845  0.14289647 -0.21347113 -0.04248369  0.5523903  -0.19312508
   0.0827485   0.16923176  0.01131413 -0.21186598  0.2741149  -0.03957843
  -0.38683388]
 [-0.86207974 -0.00743856 -0.01153248  0.06915763 -0.06926363  0.02196143
   0.00693365 -0.07072328 -0.17912817 -0.06741984 -0.02342166 -0.21596693
   0.12559697  0.11801849 -0.0172794   0.2367914   0.09255839  0.15919556
  -0.19419873]
 [ 0.04058183  0.08363678 -0.24416077 -0.56434476  0.02770805 -0.09031569
   0.46403062  0.11917621  0.25270343 -0.04447729  0.05911666  0.00454405
   0.27456337  0.21403138  0.34284836  0.2284345  -0.01031827 -0.02610453
  -0.11723506]
 [ 0.01486972 -0.12913223  0.03176798  0.02980144  0.00097893  0.24748582
  -0.20684005 -0.02221734  0.42561764  0.2629137   0.2713246  -0.3008743
  -0.20554054  0.24995027  0.14320719  0.2391837   0.02652299  0.35252
   0.3935104 ]
 [ 0.02187813  0.00668837 -0.66348535  0.12686408 -0.07322267  0.14980479
  -0.12549342 -0.29286444  0.16265081 -0.15755369 -0.27686036  0.34573692
  -0.211749    0.13722202 -0.12935115  0.24112794  0.16082919 -0.04041683
  -0.01850655]
 [-0.00429879 -0.08974015 -0.22266406  0.04470937  0.3526266   0.23485868
   0.01651683  0.18053894  0.04410269 -0.44558826 -0.2412769  -0.3218439
  -0.1656477  -0.15264018  0.20859134 -0.24547715 -0.36926112  0.25643316
  -0.09522349]
 [-0.00463418  0.09937818 -0.06425956  0.25416827 -0.01577936  0.2584364
  -0.20752092  0.5414007  -0.118234    0.01702877 -0.20256367  0.13320908
   0.40816066 -0.08531872  0.29876408  0.23043512  0.10500431 -0.169106
   0.2987479 ]]
Redisual vectors
 [[-1.31294909e+01  8.38317871e-01 -6.96736050e+00 -7.69161701e-01
  -1.10573654e+01  1.83192015e+00 -7.35137177e+00 -8.34329605e+00
  -1.40589390e+01 -1.29779682e+01 -6.39633846e+00 -1.50018320e+01
  -9.06400681e+00 -1.66301804e+01 -8.98367882e+00 -1.08975830e+01
  -1.10842857e+01 -4.22392941e+00 -4.30581331e+00]
 [ 3.94779930e+01  3.62791901e+01  3.45287094e+01  3.90066528e+01
   3.95453148e+01  4.92770920e+01  3.87464371e+01  4.27498741e+01
   4.41404381e+01  4.32501144e+01  3.64855499e+01  4.64094467e+01
   4.43676071e+01  3.80711823e+01  4.07788200e+01  4.17686729e+01
   3.09990959e+01  4.11710243e+01  4.21308479e+01]
 [ 2.93092518e+01  3.20857353e+01  2.71054096e+01  1.98366108e+01
   2.87939014e+01  2.31101551e+01  2.85976143e+01  2.64194679e+01
   3.32127190e+01  2.67956772e+01  2.85792046e+01  2.98779964e+01
   2.23065395e+01  3.46090698e+01  2.00513668e+01  2.87177925e+01
   2.44391804e+01  2.61595688e+01  3.60244179e+01]
 [-3.45926857e+01 -2.44106655e+01 -3.57199860e+01 -2.68597336e+01
  -3.72956314e+01 -4.49792480e+01 -3.29425583e+01 -3.31934738e+01
  -3.56077232e+01 -2.48756142e+01 -3.20332870e+01 -3.29175949e+01
  -3.54849396e+01 -1.86698475e+01 -4.13795509e+01 -2.74565983e+01
  -3.66455154e+01 -3.10604916e+01 -2.70995560e+01]
 [ 6.42830610e+00  6.21965981e+00 -4.43542767e+00  1.46960411e+01
   1.36033306e+01  1.18192596e+01  1.10328999e+01  7.47196293e+00
   2.75097084e+00  1.07055473e+01  4.52902317e+00  2.68450832e+00
   1.83644333e+01  2.98892927e+00 -2.07570076e-01  1.38292255e+01
   1.38774080e+01  1.73585606e+01  2.10461769e+01]
 [-4.03781357e+01 -5.73063469e+01 -4.93064384e+01 -4.82399750e+01
  -5.44401703e+01 -5.24792290e+01 -5.91453629e+01 -4.59239540e+01
  -5.60243530e+01 -4.65308228e+01 -4.84742622e+01 -5.34032288e+01
  -5.25327759e+01 -5.75797119e+01 -4.65782471e+01 -4.91641083e+01
  -5.87145309e+01 -4.45353241e+01 -5.08052292e+01]
 [-6.83846855e+00 -1.03451366e+01 -7.90942907e+00 -3.85638237e+00
  -7.83762932e+00 -2.73665810e+00 -1.44402189e+01 -2.07546663e+00
  -1.33820486e+01 -1.07337952e+01 -3.96365166e+00 -1.71755810e+01
  -1.28944988e+01 -2.01719246e+01 -6.56948090e+00 -1.01076508e+01
  -2.61769600e+01 -1.53310604e+01 -1.36359615e+01]
 [ 9.33175850e+00  7.29530287e+00  1.34904308e+01  1.94695206e+01
   1.04732876e+01 -3.48212147e+00  1.76182556e+01  1.11504784e+01
   1.17208395e+01 -3.37196159e+00  1.00999289e+01  1.11366177e+01
   1.13095360e+01  1.93930893e+01  1.44945908e+01  3.15637589e-02
   1.03312883e+01  1.10618744e+01  1.31991100e+01]
 [ 4.87861919e+00 -1.06440020e+00  6.53548956e+00  7.05013943e+00
  -2.97560072e+00  1.22899666e+01  9.89685631e+00 -4.64605284e+00
   6.57327461e+00  3.84920073e+00  7.17680407e+00  6.74377441e-01
   7.04715395e+00  1.36551571e+01 -1.37197828e+00  7.03693390e+00
  -5.90222502e+00 -4.06823683e+00  7.51391888e+00]
 [-2.26061993e+01 -1.35031719e+01 -2.75740776e+01 -2.29938278e+01
  -2.61693573e+01 -3.94914474e+01 -2.60912571e+01 -2.86335125e+01
  -2.67826881e+01 -2.87042580e+01 -1.81816769e+01 -2.28860874e+01
  -2.32423344e+01 -2.52601643e+01 -1.37313061e+01 -2.47126923e+01
  -2.40875340e+01 -2.24999809e+01 -2.21052055e+01]
 [-1.02283716e+01 -1.09099636e+01 -9.45955086e+00 -1.20693741e+01
  -3.46584320e-02 -1.18943539e+01 -8.23703480e+00 -1.06934128e+01
  -2.97581196e+00 -1.23843241e+01 -1.82119637e+01 -1.39214334e+01
  -3.56843519e+00 -2.37577858e+01 -3.22598982e+00 -7.85755157e+00
  -2.82174683e+00 -1.26756840e+01 -9.23372746e+00]
 [ 6.56470346e+00 -7.73098707e+00 -8.80700493e+00 -3.63428712e+00
   5.07497311e+00  5.57468987e+00 -5.19685149e-01 -3.28368664e-01
   4.48706198e+00  9.91270638e+00  7.25607872e+00  7.37727976e+00
  -1.35668850e+00  1.29768658e+01  7.31546879e-02 -5.93494558e+00
   6.25826311e+00  2.01529789e+00  3.76883578e+00]
 [-2.35984344e+01 -1.70840702e+01 -1.98013020e+01 -7.04801798e+00
  -1.84778576e+01 -2.28072701e+01 -8.84609985e+00 -1.44032421e+01
  -1.71057148e+01 -1.56407404e+01 -1.84295235e+01 -1.55438805e+01
  -1.82059956e+01 -2.21495934e+01 -1.19415703e+01 -1.41814079e+01
  -1.36162062e+01 -2.29214554e+01 -1.86704235e+01]
 [-3.95423965e+01 -3.95715256e+01 -4.73087883e+01 -4.01242371e+01
  -3.96298943e+01 -3.85725021e+01 -4.18892326e+01 -3.41462784e+01
  -5.18155975e+01 -3.83121986e+01 -4.31415863e+01 -4.40826988e+01
  -4.37323151e+01 -4.18530312e+01 -5.46205521e+01 -4.40968819e+01
  -4.70127449e+01 -4.57831001e+01 -4.61142197e+01]
 [ 3.42942505e+01  3.82676315e+01  2.92577076e+01  3.36704369e+01
   3.73923683e+01  2.92865486e+01  2.44041138e+01  2.82382050e+01
   3.97785072e+01  2.75643864e+01  3.10592766e+01  4.07524033e+01
   3.65326042e+01  2.68371983e+01  3.42645607e+01  2.77789841e+01
   4.08290939e+01  3.76016083e+01  3.03759003e+01]
 [ 1.67536774e+01  1.58944550e+01  2.34718475e+01  1.83229465e+01
   1.30162210e+01  4.93516827e+00  1.59284344e+01  1.57706528e+01
   1.87941475e+01  1.14660625e+01  1.43650637e+01  9.22580147e+00
   2.03818512e+01  6.30942726e+00  1.79796066e+01  1.36781311e+01
   1.63210220e+01  1.54610634e+01  2.73443565e+01]
 [ 3.23005142e+01  3.65633850e+01  1.42139759e+01  2.54772224e+01
   3.85829430e+01  2.97222252e+01  3.36350784e+01  3.05028782e+01
   3.07756405e+01  2.20721760e+01  2.89757156e+01  2.87736626e+01
   3.84628601e+01  2.54987164e+01  2.43219490e+01  2.76828613e+01
   3.16914425e+01  2.83977928e+01  3.09476929e+01]
 [ 6.27874088e+00 -2.44323063e+00 -2.45126677e+00  4.71870041e+00
   7.96929502e+00  3.39400244e+00  6.27023602e+00 -2.40653086e+00
  -2.60648727e+00  7.02305412e+00 -3.96290779e-01  6.47276449e+00
  -6.11742115e+00  1.94607906e+01  1.11171246e+01  2.51419306e+00
  -4.11756897e+00  4.10871172e+00  1.60941958e+00]
 [-2.10703793e+01 -2.00657978e+01 -1.54711771e+01 -7.13239193e+00
  -2.00858345e+01 -2.82271729e+01 -1.42084045e+01 -2.51303635e+01
  -1.97489471e+01 -1.76155567e+01 -1.77400990e+01 -1.75859489e+01
  -1.36354351e+01 -4.88349915e+00 -1.48788605e+01 -1.70002308e+01
  -1.35780258e+01 -1.66140099e+01 -1.69873600e+01]]
====================================================
====================================================
Current parameter value
 0.015625
Index perfomance
 48653.89814610254
Eigenvalues
 [ 4.6557465e+01  4.4296944e+01 -4.2951237e+01 -3.6418026e+01
  2.7647879e+01 -2.8903149e+01 -2.5798429e+01 -2.3248404e+01
  2.1583471e+01  1.9661848e+01 -1.5976859e+01 -1.3691540e+01
 -7.5939307e+00  1.4234745e+01  1.1235124e+01  8.2150416e-04
  5.2512997e-01  5.9558024e+00  4.8979669e+00]
Eigenvectors
 [[ 0.05892291  0.24217044  0.09966868  0.14661251 -0.29623863  0.03164268
  -0.03746317 -0.3369608   0.29309776 -0.14756592 -0.04259413  0.08749553
   0.41952613 -0.2932784   0.2063965  -0.2291745   0.14943837 -0.44323173
   0.0983619 ]
 [-0.14955963 -0.1750878   0.04083679 -0.13990794 -0.33814138  0.17777973
   0.32389858  0.45293155  0.10747585  0.1333751  -0.17181912  0.22144382
  -0.35247913 -0.19461238 -0.12002198 -0.22896865  0.26839653 -0.2456503
   0.02245995]
 [-0.00988453 -0.04147905  0.02987675  0.63852334  0.22782338 -0.22443876
   0.48184144  0.06135725  0.12248334  0.03743625  0.23429398  0.25043365
  -0.11026664 -0.04915763  0.14446941  0.22937277 -0.09903378 -0.10156519
   0.09575466]
 [ 0.01433111 -0.19129828 -0.07836399  0.10378419 -0.02611196 -0.5802633
  -0.34931204  0.18720473  0.10650942  0.13908973 -0.22105046 -0.04572406
  -0.08406018  0.28330606  0.35836706 -0.22917008  0.18420626 -0.04904902
   0.2560848 ]
 [-0.09222952  0.19959317  0.29232612 -0.15505825 -0.05454833  0.12139931
  -0.32258108  0.06094684  0.14376095 -0.29190654  0.25766045  0.2427084
  -0.3938488  -0.18118235  0.33531117  0.22951698  0.0024422   0.2048396
   0.3007966 ]
 [-0.1592804   0.7199073  -0.20271826 -0.03914962  0.35819992  0.00738835
  -0.07159104  0.11522531  0.06531785  0.42086682  0.04740401  0.04074185
  -0.10772705 -0.0450488  -0.0794045  -0.22935928  0.01432112 -0.07252657
   0.0604909 ]
 [ 0.11643434 -0.07402607  0.05893204 -0.10254569  0.41435868 -0.19549556
  -0.1528652   0.23228195  0.1563704  -0.28157097  0.08799125 -0.04282312
   0.16127315 -0.17657907 -0.45077017  0.22989997  0.4483822  -0.2063945
   0.09771306]
 [-0.1558816   0.25771165  0.0030798   0.1446096  -0.27441654 -0.19526127
   0.02236208  0.2499871   0.36400735 -0.44075876  0.1337034  -0.04293673
   0.02419338  0.30508763 -0.2812953  -0.22965461 -0.17460081  0.20447466
  -0.26004234]
 [-0.00939748  0.07026592  0.33541247  0.102417    0.31425813  0.2609673
   0.24342261 -0.20633017  0.07214203 -0.1466271  -0.24503705 -0.07024419
  -0.08396639  0.31837925  0.16386832 -0.22899117  0.50296426  0.25363383
  -0.0812699 ]
 [ 0.22313493  0.39251295 -0.02682721  0.00481502 -0.22773905 -0.25358775
   0.13494323  0.00992494 -0.4605857  -0.2251387  -0.05144559 -0.25914076
  -0.30463594  0.02359456  0.12578128  0.22976229  0.21231422 -0.26398033
  -0.2270681 ]
 [ 0.10097267  0.0948652  -0.03177513  0.16864643 -0.2055005  -0.00572853
   0.10806773  0.01606125  0.32796308  0.1837921  -0.24653654 -0.5667825
  -0.05748367 -0.32992488 -0.08458982  0.22944644  0.05048908  0.37397325
   0.24378462]
 [ 0.24198407  0.1754826   0.3044071   0.07200395 -0.09479614  0.21691649
  -0.02844251  0.13397853 -0.01715435  0.05970812 -0.29684657  0.08454621
   0.06581059  0.4723406  -0.23579441  0.22920328 -0.24570647 -0.25395218
   0.42242694]
 [-0.1949855   0.04040437  0.30006564 -0.18090783  0.15949923 -0.30957365
  -0.00435596 -0.14357795  0.2112763   0.03933231 -0.55210596  0.19100079
  -0.09002285 -0.1724968  -0.00561164  0.22915773 -0.2594727  -0.06261875
  -0.38279685]
 [ 0.862046    0.01321268  0.01125534 -0.06947368  0.07025552 -0.02205751
  -0.00663504  0.07064515  0.18034962  0.06362593  0.02313691  0.21565
  -0.1251327  -0.12228613  0.02380724 -0.22953707 -0.1086198   0.14955008
  -0.19911695]
 [-0.0399331  -0.08343071  0.24532837  0.5639108  -0.0306985   0.09013518
  -0.46397728 -0.11214922 -0.25254932  0.05077612 -0.05806391 -0.0069845
  -0.27633485 -0.2168673  -0.3407618  -0.2294078  -0.00439636 -0.02321289
  -0.11776046]
 [-0.01556489  0.12971918 -0.03176905 -0.02967117 -0.00571269 -0.24744152
   0.20662837  0.01836445 -0.43221405 -0.25264764 -0.27218097  0.30150703
   0.20250632 -0.2524268  -0.13624693 -0.22958386 -0.04710181  0.3728201
   0.3793498 ]
 [-0.02177039 -0.00651457  0.66284436 -0.12919319  0.07191007 -0.15036207
   0.12675568  0.29186368 -0.16328101  0.16349612  0.2763407  -0.3430708
   0.21847473 -0.1296092   0.12893207 -0.22960368 -0.17648238 -0.04028917
  -0.01746671]
 [ 0.00372528  0.08976123  0.22271967 -0.04480706 -0.35829487 -0.23457527
  -0.01738241 -0.18064399 -0.02480241  0.44172072  0.24111834  0.32185885
   0.15756033  0.14716141 -0.20848955  0.22965594  0.3785109   0.26319996
  -0.1062188 ]
 [ 0.00525897 -0.09945595  0.06411417 -0.25333148  0.017331   -0.2576284
   0.20515916 -0.5402265   0.11866825 -0.02037437  0.20433164 -0.13617627
  -0.40747732  0.08078998 -0.3030474  -0.22943024 -0.11575323 -0.15417993
   0.3036149 ]]
Redisual vectors
 [[  6.85863972  -1.31329393  -2.98496318  -5.32365704   1.40986443
   -2.01486301  -5.35757828   3.88408256   5.87057209  11.21281815
    8.27905178  11.63065529  -0.18257034  10.58333588   3.19815135
    3.86660123   1.26144421   2.10003972  -2.76980853]
 [-43.11096191 -36.29826355 -39.95850754 -42.38896179 -44.86587143
  -49.47660446 -45.54691696 -45.141819   -48.64522552 -44.45453262
  -35.25043488 -47.6749649  -49.88497925 -41.1752739  -43.35882568
  -45.66875458 -36.45177078 -42.62290573 -46.79050064]
 [-29.62788773 -32.01603317 -28.68848801 -20.64773941 -29.7236557
  -22.24457169 -31.07737541 -26.88069534 -33.78617859 -25.39302063
  -27.48511505 -30.56341934 -22.70872307 -35.15341568 -21.45096588
  -29.25988579 -24.91987991 -24.97139359 -34.99993896]
 [ 37.2269783   24.47285843  35.84685516  27.4856472   39.59414291
   48.02986526  31.80112648  33.55794525  37.99483871  30.64816856
   34.17023468  31.95958328  39.24230576  20.12047577  40.25452042
   30.26577759  39.27013779  35.71595764  34.60701752]
 [  0.97789049  -6.5164175   10.75267029 -10.04782963  -4.24576187
   -8.02333927  -4.57000542  -4.206738     5.66960001  -1.85607028
   -3.08407831  -1.94612122  -7.46325541   3.02270699   2.16711807
   -6.11334324  -3.70864391  -9.70433617  -6.36359262]
 [ 39.62840271  57.10503769  47.69285583  47.23774719  53.14760971
   52.88115311  56.75820923  45.08655167  54.99968719  47.16875458
   49.0228157   52.48138428  51.62611771  56.74750519  45.26194
   48.49983978  57.33003998  44.79636383  50.89103699]
 [  4.51094151   9.87330055   3.291646     1.0518837    4.14460468
    3.1227448    8.64486504   0.12170029  10.28687572  11.23211288
    5.2304821   15.61088467   9.29900837  18.07555962   3.68222237
    7.38321638  22.79138184  15.25986195  11.90199852]
 [-10.10377789  -8.07441425 -11.04796028 -18.67505264  -9.87958622
    0.29009342 -13.01590538 -10.91526604 -11.83142853  -1.47404003
  -13.45365334  -9.78442574 -12.25009537 -18.81132507 -12.08449364
   -0.50063705 -10.48767662 -15.11731911 -18.06435204]
 [ -2.21323013   0.77641344  -1.82003641  -4.34097481   7.75357103
  -12.56780052  -3.29603243   6.55676889  -2.96821737  -3.63930798
   -8.98659897   0.63891554  -3.06386447 -11.19613171   4.46323824
   -3.57575083  10.11515427   4.19771814  -4.84622574]
 [ 15.44792366  13.60272503  20.52565002  17.96125603  17.04083061
   36.13329697  18.62303734  25.3517189   18.57005501  21.19287872
   17.43890953  21.89577866  12.55506802  19.14453125  11.15110874
   16.96540642  14.78664494  15.84704113   8.69769669]
 [ 20.06649399  10.73052406  19.30433083  18.76236343  12.71922684
   15.45119572  19.27716827  15.46241379  14.20870781  21.54154396
   18.84960556  16.10577202  17.48570061  32.02984619   7.5773735
   17.94169998  16.20371819  20.7688942   25.85007477]
 [ -4.92739582   7.73560381   5.24704647   2.06113315  -5.85865784
   -1.46615112  -6.23956776  -0.82581508  -4.10867929  -2.2091229
   -3.07647085  -9.96461487   3.27954674 -12.67093658  -4.66447687
    6.8177681   -5.77625084   4.1062994    4.49292898]
 [ 17.4333477   17.24163246  16.64025497   4.26644182  12.06397057
   18.16292381   6.90010834  12.65194321  10.9500246    6.077075
   15.73126984  16.31136703   9.51600075  17.92240524  12.2236948
    7.83228779   6.63084936  15.08027458   4.62816763]
 [ 40.48017883  39.81348419  49.91893005  41.47199631  40.80163193
   36.97616577  46.05340958  35.11802292  52.4618988   35.19000626
   41.28264618  45.76530457  43.74151611  42.62038422  57.21941757
   44.43868637  47.52769089  43.32561874  43.03337479]
 [-36.4108429  -38.31871033 -30.30636406 -34.57518005 -39.82282257
  -30.64410973 -25.34610367 -29.09251785 -41.99898148 -30.60135269
  -31.81232643 -40.80162048 -39.58384323 -28.26114655 -34.26060867
  -29.83870316 -43.6139183  -40.25060272 -34.91728973]
 [ -5.49369287 -15.92532158 -12.932621   -10.6441946    0.94540358
    0.66689348  -4.99679375 -10.5459404   -6.18098545   0.58890676
  -12.5834446   -8.00528908  -3.92585659   2.68131018 -14.40359402
   -1.75944853  -1.99507761  -4.9497304   -6.20239019]
 [-33.1068306  -36.28381348 -15.00699806 -25.8269062  -39.78590775
  -29.80815697 -34.76173782 -30.88861847 -31.73176193 -22.84758949
  -28.84567451 -28.99284172 -39.46768951 -26.35089302 -24.71333885
  -28.46016693 -33.10749054 -28.93862343 -32.23815155]
 [ -3.14184618   2.67411423   7.76047277  -1.84698725  -2.81390381
   -3.98920679   0.94084406   4.8030324    6.73420572  -7.00927305
   -1.06625581  -4.3430028   10.39624214 -16.5473175   -7.39299059
    0.95751095   9.21690369  -3.84963226   0.83835578]
 [ 22.63159561  19.95022011  13.64022636   6.61650848  20.20904732
   31.51275826  10.22291183  24.52976799  20.58211136  23.58712196
   20.73452568  15.92656898  15.60583115   5.79938793  12.23135185
   18.31482887  14.1907177   21.22834778  23.6293869 ]]
====================================================
====================================================
Current parameter value
 0.0
Index perfomance
 48657.2927871789
Eigenvalues
 [ 4.6557411e+01  4.4296028e+01 -4.2951389e+01 -3.6418362e+01
  2.7646507e+01 -2.8903164e+01 -2.5798452e+01 -2.3250179e+01
  2.1582130e+01  1.9661509e+01 -1.5976887e+01 -1.3691660e+01
 -7.5966821e+00  1.4233402e+01  1.1234459e+01  2.7718592e-15
  5.2478147e-01  5.9527335e+00  4.8978152e+00]
Eigenvectors
 [[ 0.05887616  0.24207486  0.0997098   0.14667533 -0.2960426   0.03166345
  -0.03750395 -0.3371098   0.29293284 -0.14758547 -0.0426151   0.0875526
   0.4197142  -0.29313144  0.20635635 -0.22941573  0.14927563 -0.44316888
   0.09863686]
 [-0.14954868 -0.175132    0.04082359 -0.13993005 -0.33809495  0.17776728
   0.32393172  0.45288563  0.10754859  0.13334028 -0.17183709  0.22145082
  -0.35228056 -0.19463582 -0.12000041 -0.22941573  0.268277   -0.24567251
   0.0226224 ]
 [-0.00987925 -0.04147407  0.02989317  0.6385094   0.22786231 -0.22445065
   0.48185143  0.06136528  0.12242239  0.03742758  0.2342916   0.2504273
  -0.11030994 -0.04910173  0.14447075  0.22941573 -0.09876026 -0.10163776
   0.09585276]
 [ 0.01434826 -0.19130446 -0.07836355  0.10377779 -0.02608153 -0.5802662
  -0.3493021   0.18720126  0.10655472  0.1390504  -0.22105655 -0.04571815
  -0.08394802  0.28345764  0.35823834 -0.22941573  0.1840117  -0.04884345
   0.25610125]
 [-0.09225121  0.1995742   0.29231665 -0.15507609 -0.05450829  0.12139735
  -0.32257214  0.06101529  0.14366986 -0.29195446  0.25766534  0.24268112
  -0.39386535 -0.18123715  0.33548784  0.22941573  0.0027369   0.204703
   0.30073714]
 [-0.15934516  0.71992016 -0.20272173 -0.03914767  0.3581388   0.00738663
  -0.07158322  0.11522289  0.06540802  0.4208662   0.04739979  0.04074591
  -0.10765446 -0.04499977 -0.07943869 -0.22941573  0.0141147  -0.07242115
   0.06052146]
 [ 0.11644297 -0.07400744  0.05892634 -0.10255446  0.41443694 -0.19549857
  -0.1528519   0.23225442  0.15615153 -0.28157347  0.08797748 -0.04278911
   0.16135219 -0.1766778  -0.45077804  0.22941573  0.44863844 -0.2062166
   0.09782189]
 [-0.15591002  0.25768104  0.00307744  0.14459239 -0.2743863  -0.19527045
   0.02238192  0.24999426  0.36404115 -0.44098914  0.13369718 -0.04292188
   0.024216    0.30477864 -0.28124455 -0.22941573 -0.17487985  0.20435394
  -0.2601827 ]
 [-0.0094003   0.07028439  0.33541882  0.10241337  0.3142608   0.2609687
   0.24341151 -0.2063143   0.07206892 -0.1466597  -0.24502483 -0.07027011
  -0.0839801   0.31841016  0.1637974  -0.22941573  0.50266737  0.25378484
  -0.08148658]
 [ 0.22309728  0.39253888 -0.0268316   0.00480581 -0.22785106 -0.25359088
   0.13494557  0.00994186 -0.460599   -0.22500132 -0.05143279 -0.2591626
  -0.3045714   0.02366617  0.12573972  0.22941573  0.21263358 -0.2642502
  -0.22686893]
 [ 0.10096046  0.09486103 -0.03177365  0.16863868 -0.2054671  -0.00573342
   0.10807349  0.01609781  0.32808647  0.18365905 -0.24651821 -0.5667995
  -0.05749368 -0.33011878 -0.08434095  0.22941573  0.05070458  0.3739424
   0.243586  ]
 [ 0.2419687   0.17551485  0.30440706  0.07198837 -0.09485937  0.2169113
  -0.02842989  0.13399018 -0.01702433  0.05964667 -0.29685116  0.08454286
   0.06575292  0.47231984 -0.23600712  0.22941573 -0.24544184 -0.25360242
   0.4225841 ]
 [-0.19498914  0.04038687  0.30006063 -0.18091513  0.15954623 -0.30956915
  -0.00436899 -0.14358886  0.21124187  0.03928249 -0.55210125  0.19096555
  -0.09014066 -0.17254567 -0.00552284  0.22941573 -0.25923568 -0.06302301
  -0.38271683]
 [ 0.8620452   0.0132997   0.01125083 -0.06947881  0.07027102 -0.0220591
  -0.00662997  0.07064374  0.18036798  0.06356557  0.02313225  0.2156447
  -0.12512527 -0.12235084  0.02390931 -0.22941573 -0.10886491  0.14937651
  -0.19920604]
 [-0.0399233  -0.08342732  0.24534734  0.5639035  -0.03074477  0.09013218
  -0.46397626 -0.1120327  -0.2525445   0.05087584 -0.05804667 -0.00702483
  -0.27636364 -0.21691296 -0.34072772 -0.22941573 -0.00462512 -0.02318025
  -0.11776902]
 [-0.01557538  0.12972824 -0.03176907 -0.02966903 -0.00578575 -0.24744077
   0.20662473  0.01830116 -0.43231606 -0.2524835  -0.27219498  0.3015173
   0.20245469 -0.25246522 -0.13613726 -0.22941573 -0.04741632  0.3731739
   0.37908164]
 [-0.02176876 -0.00651179  0.66283387 -0.12923118  0.07188935 -0.15037128
   0.12677708  0.29184636 -0.16328704  0.16358992  0.27633214 -0.34302655
   0.21858433 -0.12949045  0.12892404 -0.22941573 -0.17671938 -0.04028533
  -0.01744723]
 [ 0.00371663  0.08976145  0.22272055 -0.04480868 -0.35838073 -0.23457058
  -0.0173971  -0.18064539 -0.02450014  0.44165635  0.24111573  0.32185897
   0.15742753  0.14707273 -0.20848526  0.22941573  0.37864575  0.26328862
  -0.10642233]
 [ 0.0052684  -0.0994571   0.0641118  -0.2533178   0.01735483 -0.25761503
   0.20511903 -0.5402079   0.11867402 -0.02042747  0.20436056 -0.13622524
  -0.40746552  0.08071771 -0.3031127  -0.22941573 -0.11591933 -0.15391353
   0.30370176]]
Redisual vectors
 [[  6.85644913  -1.31842446  -2.99247837  -5.3266325    1.41068029
   -2.01686478  -5.36122322   3.88130069   5.86632347  11.2124052
    8.27250576  11.62447453  -0.18301833  10.5757103    3.1961534
    3.8666513    1.25677586   2.09915996  -2.76829576]
 [-43.10837936 -36.29738617 -39.95961761 -42.38843155 -44.85917664
  -49.47319412 -45.54576492 -45.14073944 -48.64107513 -44.44642639
  -35.24682999 -47.67030716 -49.8825531  -41.17126083 -43.35182571
  -45.66259766 -36.44781113 -42.61794281 -46.78511429]
 [-29.62764359 -32.01422882 -28.68777466 -20.64710999 -29.72080231
  -22.24409676 -31.07595444 -26.8776722  -33.78387833 -25.39194107
  -27.48455048 -30.56152916 -22.70624542 -35.15420532 -21.45109558
  -29.26006699 -24.91287804 -24.96815491 -34.99779129]
 [ 37.22851944  24.47470474  35.8467865   27.48579407  39.59794617
   48.03249359  31.80286407  33.5580368   37.99625015  30.65124321
   34.16877747  31.95914459  39.24511337  20.11758995  40.25714874
   30.27197456  39.27100372  35.71749878  34.61070633]
 [  0.9731884   -6.52121258  10.74894619 -10.05077934  -4.24655628
   -8.02776241  -4.57246161  -4.20839405   5.66743183  -1.85873628
   -3.08631134  -1.94539809  -7.46863174   3.02187538   2.16699553
   -6.11964417  -3.70638466  -9.70678902  -6.36963654]
 [ 39.62423706  57.10260773  47.689991    47.23455811  53.1448555
   52.8795166   56.75428772  45.08278275  54.99625778  47.16729736
   49.0198288   52.47699356  51.62398529  56.74340057  45.25873566
   48.49953842  57.32408524  44.79274368  50.88907623]
 [  4.51016855   9.86703873   3.28680682   1.04824543   4.1495266
    3.11976385   8.64760208   0.12049723  10.28754044  11.23402023
    5.22647762  15.6106987    9.29689217  18.07720184   3.68194103
    7.38305521  22.79792023  15.25845528  11.90224648]
 [-10.11543179  -8.08839989 -11.06052208 -18.68685532  -9.89613628
    0.27901459 -13.03019047 -10.93051052 -11.84579849  -1.48359489
  -13.4632597   -9.79266739 -12.26696587 -18.81084251 -12.09615135
   -0.51413918 -10.507967   -15.13012218 -18.08102036]
 [ -2.21881247   0.77064228  -1.82487416  -4.34667873   7.75025368
  -12.56813717  -3.29875612   6.55145454  -2.97445965  -3.64220238
   -8.99235725   0.6330471   -3.07289529 -11.20151138   4.46226406
   -3.57657886  10.10500908   4.18934822  -4.85323095]
 [ 15.45071602  13.60480499  20.52344513  17.95969582  17.04379272
   36.13400269  18.62261009  25.35449409  18.57180214  21.19664001
   17.44227791  21.89657974  12.55593204  19.14097214  11.15046692
   16.96686745  14.79415703  15.84915638   8.70068932]
 [ 20.06908989  10.72655392  19.30361938  18.75951004  12.71931553
   15.4460659   19.27583504  15.46102428  14.20956326  21.5407238
   18.84998322  16.11145401  17.48100281  32.03558731   7.58169937
   17.93644905  16.20664215  20.76734352  25.84345055]
 [ -4.92102766   7.73789263   5.24948406   2.06020117  -5.85568666
   -1.46850061  -6.23542118  -0.82438016  -4.10482359  -2.20684385
   -3.07762527  -9.96393013   3.28582168 -12.66808033  -4.66928196
    6.82084703  -5.7663722    4.10957575   4.49939346]
 [ 17.43050575  17.24334908  16.63953018   4.26679039  12.06221008
   18.16348648   6.89782333  12.65410709  10.94982624   6.07700872
   15.73441696  16.31412888   9.51478195  17.92439842  12.22248554
    7.82783937   6.63230181  15.08283424   4.62693691]
 [ 40.49609375  39.81590652  49.92152405  41.47490311  40.8009758
   36.98111343  46.05317307  35.11899948  52.46302795  35.19246674
   41.2864151   45.76916504  43.74094772  42.6262207   57.22254181
   44.44000244  47.52292252  43.32648087  43.03186417]
 [-36.412117   -38.31973267 -30.30303955 -34.5728569  -39.82585907
  -30.64284515 -25.34614944 -29.09483719 -42.00025558 -30.60191536
  -31.81126785 -40.80387878 -39.58548737 -28.25959778 -34.25963593
  -29.83831215 -43.61867523 -40.25236893 -34.91737747]
 [ -5.49230862 -15.92600822 -12.92595863 -10.63832378   0.94502926
    0.66898251  -4.99232006 -10.54410172  -6.18036461   0.58472919
  -12.58331299  -8.00711536  -3.92407227   2.68287945 -14.4016819
   -1.75889206  -2.00195551  -4.95308781  -6.20291853]
 [-33.10503006 -36.27915192 -15.00357437 -25.8215847  -39.7852478
  -29.80471611 -34.7608757  -30.88695717 -31.72970772 -22.84753227
  -28.84365082 -28.99277115 -39.46204376 -26.35225296 -24.7123394
  -28.45670128 -33.10936737 -28.93590927 -32.234272  ]
 [ -3.13788176   2.67622614   7.76254702  -1.85094321  -2.81064892
   -3.99022961   0.9425416    4.80470037   6.7375083   -7.00732946
   -1.06271338  -4.33823776  10.3946209  -16.54460144  -7.38733721
    0.95857763   9.22205353  -3.84976506   0.83679676]
 [ 22.63499451  19.95007133  13.64386749   6.61942196  20.2112236
   31.51515961  10.2275238   24.53005028  20.5847702   23.59156418
   20.73510551  15.92768097  15.60886765   5.8061142   12.23295212
   18.31967163  14.19121838  21.23015976  23.63487053]]
====================================================

-----------Double precision------------
====================================================
Current parameter value
 1.0
Index perfomance
 25990986467797.87
Eigenvalues
 [ 46.56106318  44.35614048 -42.94170462 -36.39742339  27.73798919
 -28.90220153 -25.79713654 -23.13968466  21.67105424  19.68309247
 -15.97512649 -13.68430173  -7.42553774  14.32208522  11.27754214
   0.04908958   0.54861813   6.1503844    4.90605766]
Eigenvectors
 [[-0.06202162 -0.24831056 -0.09714337 -0.14275385  0.3089516  -0.03038709
   0.03506023  0.3277373  -0.30340752  0.14620477  0.04131227 -0.08403758
  -0.4076384   0.30238336 -0.208693    0.2134447  -0.15930452 -0.44541605
   0.08350886]
 [ 0.15028138  0.17220255 -0.04164785  0.13854845  0.34110623 -0.17853303
  -0.3219422  -0.45564377 -0.10270611 -0.13554379  0.17072089 -0.22101616
   0.36467486  0.19300729  0.12144281  0.20054196 -0.27511791 -0.24361593
   0.01371232]
 [ 0.01023396  0.04179484 -0.02886702 -0.63937363 -0.22524725  0.22371861
  -0.48124763 -0.06077015 -0.12647116 -0.03799529 -0.2344383  -0.25081408
   0.10755868  0.05266924 -0.1442976  -0.22569632  0.11651407 -0.09629484
   0.09043504]
 [-0.01319441  0.1908928   0.07839063 -0.10417726  0.0280986   0.58008701
   0.34989181 -0.18745736 -0.10365181 -0.14152303  0.2206772   0.04608052
   0.09099767 -0.2735445  -0.36648305  0.2130637  -0.19616721 -0.06003826
   0.25502791]
 [ 0.09078977 -0.20082231 -0.29290682  0.15396385  0.0571096  -0.1215181
   0.32310423 -0.05679036 -0.14929434  0.28877994 -0.25735955 -0.24435551
   0.39268695  0.1773107  -0.32387986 -0.23487412  0.01668145  0.2153027
   0.30383027]
 [ 0.15498572 -0.71907183  0.2025038   0.03926686 -0.36215591 -0.00749229
   0.0720514  -0.11537094 -0.05989037 -0.42078419 -0.04766107 -0.04049642
   0.11220246  0.04829881  0.07721066  0.22540095 -0.02747944 -0.07868162
   0.05880185]
 [-0.11585994  0.07524331 -0.05928147  0.10200627 -0.40918725  0.19531286
   0.15364748 -0.23397622 -0.17036223  0.28128935 -0.08883175  0.04487889
  -0.15638505  0.17025529  0.45016907 -0.26052251 -0.43078061 -0.21689797
   0.09179021]
 [ 0.15399448 -0.25969752 -0.00322432 -0.14566459  0.27626293  0.19470611
  -0.02119247 -0.2495107  -0.36117712  0.42615878 -0.13408242  0.04383237
  -0.02284969 -0.324934    0.28430786  0.24421314  0.15609963  0.21000834
  -0.25233415]
 [ 0.00921039 -0.06907515 -0.3350197  -0.10263444 -0.31403508 -0.26088413
  -0.24407431  0.20731412 -0.07683699  0.14454069  0.24578161  0.06867595
   0.08321235 -0.31629666 -0.16843689  0.20048755 -0.52108452  0.24354459
  -0.06959672]
 [-0.22562437 -0.3907795   0.02655751 -0.00538062  0.22040182  0.25339789
  -0.13480441 -0.00882869  0.45977627  0.23374976  0.05222727  0.257811
   0.3084591  -0.0190068  -0.12835901 -0.25082462 -0.19103003 -0.24806049
  -0.23761733]
 [-0.10177986 -0.09510784  0.0318665  -0.16912032  0.20759039  0.00543264
  -0.10772745 -0.01378339 -0.31986456 -0.19212807  0.24765452  0.56573994
   0.0566858   0.31723947  0.1004621  -0.23095815 -0.0365834   0.37700292
   0.25432411]
 [-0.24299607 -0.17334933 -0.30440671 -0.07295583  0.09064247 -0.21722982
   0.02918588 -0.13328271  0.02552481 -0.0635068   0.29656454 -0.08474495
  -0.06937238 -0.47335482  0.2220425  -0.21472152  0.26226152 -0.27359692
   0.41371152]
 [ 0.19473901 -0.04156808 -0.30037115  0.1804606  -0.1564249   0.30984517
   0.00358845  0.14289647 -0.21347112 -0.04248369  0.55239029 -0.19312508
   0.0827485   0.16923176  0.01131413 -0.21186598  0.27411491 -0.03957844
  -0.38683386]
 [-0.86207976 -0.00743856 -0.01153248  0.06915763 -0.06926363  0.02196143
   0.00693365 -0.07072328 -0.17912817 -0.06741984 -0.02342166 -0.21596693
   0.12559697  0.11801849 -0.0172794   0.23679141  0.09255839  0.15919555
  -0.19419872]
 [ 0.04058183  0.08363677 -0.24416077 -0.56434479  0.02770805 -0.09031569
   0.46403062  0.11917621  0.25270341 -0.04447729  0.05911666  0.00454405
   0.27456337  0.21403138  0.34284836  0.22843451 -0.01031827 -0.02610453
  -0.11723506]
 [ 0.01486972 -0.12913223  0.03176798  0.02980143  0.00097893  0.24748581
  -0.20684006 -0.02221734  0.42561764  0.26291369  0.27132459 -0.30087431
  -0.20554053  0.24995028  0.1432072   0.23918369  0.02652299  0.35252
   0.39351041]
 [ 0.02187812  0.00668837 -0.66348536  0.12686407 -0.07322267  0.14980478
  -0.12549342 -0.29286444  0.16265082 -0.15755369 -0.27686034  0.34573692
  -0.21174901  0.13722202 -0.12935115  0.24112793  0.16082919 -0.04041683
  -0.01850655]
 [-0.00429879 -0.08974015 -0.22266407  0.04470937  0.35262658  0.23485868
   0.01651683  0.18053894  0.04410269 -0.44558826 -0.24127691 -0.32184389
  -0.1656477  -0.15264017  0.20859134 -0.24547716 -0.36926112  0.25643315
  -0.09522348]
 [-0.00463418  0.09937818 -0.06425956  0.25416827 -0.01577936  0.2584364
  -0.20752092  0.54140066 -0.118234    0.01702877 -0.20256367  0.13320908
   0.40816066 -0.08531872  0.29876408  0.23043512  0.10500431 -0.16910601
   0.29874788]]
Redisual vectors
 [[-1.31294908e+01  8.38318907e-01 -6.96735995e+00 -7.69160903e-01
  -1.10573649e+01  1.83192111e+00 -7.35137052e+00 -8.34329542e+00
  -1.40589387e+01 -1.29779671e+01 -6.39633777e+00 -1.50018301e+01
  -9.06400576e+00 -1.66301779e+01 -8.98367840e+00 -1.08975821e+01
  -1.10842846e+01 -4.22392896e+00 -4.30581236e+00]
 [ 3.94779896e+01  3.62791881e+01  3.45287076e+01  3.90066491e+01
   3.95453114e+01  4.92770897e+01  3.87464355e+01  4.27498733e+01
   4.41404372e+01  4.32501125e+01  3.64855484e+01  4.64094440e+01
   4.43676035e+01  3.80711800e+01  4.07788162e+01  4.17686729e+01
   3.09990956e+01  4.11710227e+01  4.21308460e+01]
 [ 2.93092535e+01  3.20857362e+01  2.71054117e+01  1.98366122e+01
   2.87939024e+01  2.31101568e+01  2.85976154e+01  2.64194697e+01
   3.32127193e+01  2.67956771e+01  2.85792072e+01  2.98779991e+01
   2.23065423e+01  3.46090721e+01  2.00513691e+01  2.87177944e+01
   2.44391815e+01  2.61595700e+01  3.60244194e+01]
 [-3.45926869e+01 -2.44106682e+01 -3.57199869e+01 -2.68597344e+01
  -3.72956332e+01 -4.49792506e+01 -3.29425590e+01 -3.31934747e+01
  -3.56077249e+01 -2.48756169e+01 -3.20332890e+01 -3.29175977e+01
  -3.54849409e+01 -1.86698486e+01 -4.13795536e+01 -2.74566008e+01
  -3.66455167e+01 -3.10604942e+01 -2.70995574e+01]
 [ 6.42830675e+00  6.21966009e+00 -4.43542779e+00  1.46960421e+01
   1.36033311e+01  1.18192600e+01  1.10329009e+01  7.47196328e+00
   2.75097142e+00  1.07055475e+01  4.52902351e+00  2.68450936e+00
   1.83644349e+01  2.98893041e+00 -2.07568882e-01  1.38292254e+01
   1.38774092e+01  1.73585615e+01  2.10461782e+01]
 [-4.03781361e+01 -5.73063495e+01 -4.93064412e+01 -4.82399772e+01
  -5.44401711e+01 -5.24792302e+01 -5.91453643e+01 -4.59239569e+01
  -5.60243555e+01 -4.65308227e+01 -4.84742638e+01 -5.34032328e+01
  -5.25327782e+01 -5.75797124e+01 -4.65782499e+01 -4.91641088e+01
  -5.87145326e+01 -4.45353248e+01 -5.08052303e+01]
 [-6.83846784e+00 -1.03451367e+01 -7.90942897e+00 -3.85638207e+00
  -7.83762908e+00 -2.73665792e+00 -1.44402191e+01 -2.07546624e+00
  -1.33820485e+01 -1.07337948e+01 -3.96365121e+00 -1.71755809e+01
  -1.28944989e+01 -2.01719252e+01 -6.56948066e+00 -1.01076513e+01
  -2.61769600e+01 -1.53310605e+01 -1.36359618e+01]
 [ 9.33175938e+00  7.29530359e+00  1.34904315e+01  1.94695210e+01
   1.04732877e+01 -3.48212020e+00  1.76182557e+01  1.11504788e+01
